# Migration is number of nodes that have changed color.

Round		Edge-Cut		Swaps		Migrations		Skipped
0		8190		3787		3058
1		7001		6574		3121
2		6187		8665		3156
3		5627		10329		3184
4		5192		11777		3197
5		4772		12916		3156
6		4475		13815		3174
7		4134		14594		3181
8		3933		15193		3183
9		3696		15740		3177
10		3533		16162		3161
11		3373		16525		3164
12		3270		16750		3160
13		3170		16940		3181
14		3086		17125		3178
15		3030		17240		3175
16		2990		17334		3185
17		2952		17407		3184
18		2934		17475		3182
19		2896		17542		3193
20		2881		17598		3187
21		2859		17649		3176
22		2836		17695		3175
23		2827		17733		3180
24		2819		17760		3175
25		2812		17789		3177
26		2801		17811		3179
27		2788		17825		3179
28		2782		17840		3184
29		2774		17852		3185
30		2760		17864		3182
31		2754		17874		3183
32		2748		17883		3183
33		2748		17887		3184
34		2745		17894		3183
35		2740		17899		3184
36		2738		17903		3183
37		2732		17908		3186
38		2726		17913		3185
39		2726		17915		3185
40		2721		17919		3186
41		2721		17921		3186
42		2719		17923		3186
43		2719		17923		3186
44		2717		17924		3184
45		2709		17927		3182
46		2709		17927		3182
47		2709		17927		3182
48		2707		17928		3181
49		2707		17928		3181
50		2707		17928		3181
51		2707		17928		3181
52		2707		17928		3181
53		2707		17928		3181
54		2707		17928		3181
55		2707		17928		3181
56		2707		17928		3181
57		2707		17928		3181
58		2703		17929		3181
59		2703		17929		3181
60		2703		17929		3181
61		2703		17929		3181
62		2703		17929		3181
63		2703		17929		3181
64		2703		17929		3181
65		2703		17929		3181
66		2703		17929		3181
67		2703		17929		3181
68		2703		17929		3181
69		2703		17929		3181
70		2703		17929		3181
71		2703		17929		3181
72		2703		17929		3181
73		2703		17929		3181
74		2703		17929		3181
75		2703		17929		3181
76		2703		17929		3181
77		2703		17929		3181
78		2703		17929		3181
79		2703		17929		3181
80		2703		17929		3181
81		2703		17929		3181
82		2703		17929		3181
83		2703		17929		3181
84		2703		17929		3181
85		2703		17929		3181
86		2703		17929		3181
87		2703		17929		3181
88		2703		17929		3181
89		2703		17929		3181
90		2703		17929		3181
91		2703		17929		3181
92		2703		17929		3181
93		2703		17929		3181
94		2703		17929		3181
95		2703		17929		3181
96		2703		17929		3181
97		2703		17929		3181
98		2703		17929		3181
99		2703		17929		3181
100		2703		17929		3181
101		2703		17929		3181
102		2703		17929		3181
103		2703		17929		3181
104		2703		17929		3181
105		2703		17929		3181
106		2703		17929		3181
107		2703		17929		3181
108		2703		17929		3181
109		2703		17929		3181
110		2703		17929		3181
111		2703		17929		3181
112		2703		17929		3181
113		2703		17929		3181
114		2703		17929		3181
115		2703		17929		3181
116		2703		17929		3181
117		2703		17929		3181
118		2703		17929		3181
119		2703		17929		3181
120		2703		17929		3181
121		2703		17929		3181
122		2703		17929		3181
123		2703		17929		3181
124		2703		17929		3181
125		2703		17929		3181
126		2703		17929		3181
127		2703		17929		3181
128		2703		17929		3181
129		2703		17929		3181
130		2703		17929		3181
131		2703		17929		3181
132		2703		17929		3181
133		2703		17929		3181
134		2703		17929		3181
135		2703		17929		3181
136		2703		17929		3181
137		2703		17929		3181
138		2703		17929		3181
139		2703		17929		3181
140		2703		17929		3181
141		2703		17929		3181
142		2703		17929		3181
143		2703		17929		3181
144		2703		17929		3181
145		2703		17929		3181
146		2703		17929		3181
147		2703		17929		3181
148		2703		17929		3181
149		2703		17929		3181
150		2703		17929		3181
151		2703		17929		3181
152		2703		17929		3181
153		2703		17929		3181
154		2703		17929		3181
155		2703		17929		3181
156		2703		17929		3181
157		2703		17929		3181
158		2703		17929		3181
159		2703		17929		3181
160		2703		17929		3181
161		2703		17929		3181
162		2703		17929		3181
163		2703		17929		3181
164		2703		17929		3181
165		2703		17929		3181
166		2703		17929		3181
167		2703		17929		3181
168		2703		17929		3181
169		2703		17929		3181
170		2703		17929		3181
171		2703		17929		3181
172		2703		17929		3181
173		2703		17929		3181
174		2703		17929		3181
175		2703		17929		3181
176		2703		17929		3181
177		2703		17929		3181
178		2703		17929		3181
179		2703		17929		3181
180		2703		17929		3181
181		2703		17929		3181
182		2703		17929		3181
183		2703		17929		3181
184		2703		17929		3181
185		2703		17929		3181
186		2703		17929		3181
187		2703		17929		3181
188		2703		17929		3181
189		2703		17929		3181
190		2703		17929		3181
191		2703		17929		3181
192		2703		17929		3181
193		2703		17929		3181
194		2703		17929		3181
195		2703		17929		3181
196		2703		17929		3181
197		2703		17929		3181
198		2703		17929		3181
199		2703		17929		3181
200		2703		17929		3181
201		2703		17929		3181
202		2703		17929		3181
203		2703		17929		3181
204		2703		17929		3181
205		2703		17929		3181
206		2703		17929		3181
207		2703		17929		3181
208		2703		17929		3181
209		2703		17929		3181
210		2703		17929		3181
211		2703		17929		3181
212		2703		17929		3181
213		2703		17929		3181
214		2703		17929		3181
215		2703		17929		3181
216		2703		17929		3181
217		2703		17929		3181
218		2703		17929		3181
219		2703		17929		3181
220		2703		17929		3181
221		2703		17929		3181
222		2703		17929		3181
223		2703		17929		3181
224		2703		17929		3181
225		2703		17929		3181
226		2703		17929		3181
227		2703		17929		3181
228		2703		17929		3181
229		2703		17929		3181
230		2703		17929		3181
231		2703		17929		3181
232		2703		17929		3181
233		2703		17929		3181
234		2703		17929		3181
235		2703		17929		3181
236		2703		17929		3181
237		2703		17929		3181
238		2703		17929		3181
239		2703		17929		3181
240		2703		17929		3181
241		2703		17929		3181
242		2703		17929		3181
243		2703		17929		3181
244		2703		17929		3181
245		2703		17929		3181
246		2703		17929		3181
247		2703		17929		3181
248		2703		17929		3181
249		2703		17929		3181
250		2703		17929		3181
251		2703		17929		3181
252		2703		17929		3181
253		2703		17929		3181
254		2703		17929		3181
255		2703		17929		3181
256		2703		17929		3181
257		2703		17929		3181
258		2703		17929		3181
259		2703		17929		3181
260		2703		17929		3181
261		2703		17929		3181
262		2703		17929		3181
263		2703		17929		3181
264		2703		17929		3181
265		2703		17929		3181
266		2703		17929		3181
267		2703		17929		3181
268		2703		17929		3181
269		2703		17929		3181
270		2703		17929		3181
271		2703		17929		3181
272		2703		17929		3181
273		2703		17929		3181
274		2703		17929		3181
275		2703		17929		3181
276		2700		17930		3181
277		2700		17930		3181
278		2700		17930		3181
279		2700		17930		3181
280		2700		17930		3181
281		2700		17930		3181
282		2700		17930		3181
283		2700		17930		3181
284		2700		17930		3181
285		2700		17930		3181
286		2700		17930		3181
287		2700		17930		3181
288		2700		17930		3181
289		2700		17930		3181
290		2700		17930		3181
291		2700		17930		3181
292		2700		17930		3181
293		2700		17930		3181
294		2700		17930		3181
295		2700		17930		3181
296		2700		17930		3181
297		2700		17930		3181
298		2700		17930		3181
299		2700		17930		3181
300		2700		17930		3181
301		2700		17930		3181
302		2700		17930		3181
303		2700		17930		3181
304		2700		17930		3181
305		2700		17930		3181
306		2700		17930		3181
307		2700		17930		3181
308		2700		17930		3181
309		2700		17930		3181
310		2700		17930		3181
311		2700		17930		3181
312		2700		17930		3181
313		2700		17930		3181
314		2700		17930		3181
315		2700		17930		3181
316		2700		17930		3181
317		2700		17930		3181
318		2700		17930		3181
319		2700		17930		3181
320		2700		17930		3181
321		2700		17930		3181
322		2700		17930		3181
323		2700		17930		3181
324		2700		17930		3181
325		2700		17930		3181
326		2700		17930		3181
327		2700		17930		3181
328		2700		17930		3181
329		2700		17930		3181
330		2700		17930		3181
331		2700		17930		3181
332		2700		17930		3181
333		2700		17930		3181
334		2700		17930		3181
335		2700		17930		3181
336		2700		17930		3181
337		2700		17930		3181
338		2700		17930		3181
339		2700		17930		3181
340		2700		17930		3181
341		2700		17930		3181
342		2700		17930		3181
343		2700		17930		3181
344		2700		17930		3181
345		2700		17930		3181
346		2700		17930		3181
347		2700		17930		3181
348		2700		17930		3181
349		2700		17930		3181
350		2700		17930		3181
351		2700		17930		3181
352		2700		17930		3181
353		2700		17930		3181
354		2700		17930		3181
355		2700		17930		3181
356		2700		17930		3181
357		2700		17930		3181
358		2700		17930		3181
359		2700		17930		3181
360		2700		17930		3181
361		2700		17930		3181
362		2700		17930		3181
363		2700		17930		3181
364		2700		17930		3181
365		2700		17930		3181
366		2700		17930		3181
367		2700		17930		3181
368		2700		17930		3181
369		2700		17930		3181
370		2700		17930		3181
371		2700		17930		3181
372		2700		17930		3181
373		2700		17930		3181
374		2700		17930		3181
375		2700		17930		3181
376		2700		17930		3181
377		2700		17930		3181
378		2700		17930		3181
379		2700		17930		3181
380		2700		17930		3181
381		2700		17930		3181
382		2700		17930		3181
383		2700		17930		3181
384		2700		17930		3181
385		2700		17930		3181
386		2700		17930		3181
387		2700		17930		3181
388		2700		17930		3181
389		2700		17930		3181
390		2700		17930		3181
391		2700		17930		3181
392		2700		17930		3181
393		2700		17930		3181
394		2700		17930		3181
395		2700		17930		3181
396		2700		17930		3181
397		2700		17930		3181
398		2700		17930		3181
399		2700		17930		3181
400		2700		17930		3181
401		2700		17930		3181
402		2700		17930		3181
403		2700		17930		3181
404		2700		17930		3181
405		2700		17930		3181
406		2700		17930		3181
407		2700		17930		3181
408		2700		17930		3181
409		2700		17930		3181
410		2700		17930		3181
411		2700		17930		3181
412		2700		17930		3181
413		2700		17930		3181
414		2700		17930		3181
415		2700		17930		3181
416		2700		17930		3181
417		2700		17930		3181
418		2700		17930		3181
419		2700		17930		3181
420		2700		17930		3181
421		2700		17930		3181
422		2700		17930		3181
423		2700		17930		3181
424		2700		17930		3181
425		2700		17930		3181
426		2700		17930		3181
427		2700		17930		3181
428		2700		17930		3181
429		2700		17930		3181
430		2700		17930		3181
431		2700		17930		3181
432		2700		17930		3181
433		2700		17930		3181
434		2700		17930		3181
435		2700		17930		3181
436		2700		17930		3181
437		2700		17930		3181
438		2700		17930		3181
439		2700		17930		3181
440		2700		17930		3181
441		2700		17930		3181
442		2700		17930		3181
443		2700		17930		3181
444		2700		17930		3181
445		2700		17930		3181
446		2700		17930		3181
447		2700		17930		3181
448		2700		17930		3181
449		2700		17930		3181
450		2700		17930		3181
451		2700		17930		3181
452		2700		17930		3181
453		2700		17930		3181
454		2700		17930		3181
455		2700		17930		3181
456		2700		17930		3181
457		2700		17930		3181
458		2700		17930		3181
459		2704		17969		3180
460		2708		18023		3177
461		2718		18090		3175
462		2713		18131		3174
463		2705		18189		3176
464		2719		18231		3179
465		2732		18279		3186
466		2721		18346		3183
467		2703		18413		3190
468		2697		18473		3192
469		2685		18532		3192
470		2671		18565		3196
471		2658		18590		3195
472		2657		18607		3191
473		2644		18626		3194
474		2635		18642		3194
475		2631		18655		3195
476		2629		18664		3196
477		2626		18671		3199
478		2623		18685		3201
479		2620		18702		3197
480		2614		18713		3198
481		2612		18727		3200
482		2610		18735		3200
483		2607		18744		3199
484		2607		18751		3200
485		2606		18758		3198
486		2606		18763		3199
487		2606		18769		3199
488		2607		18776		3198
489		2605		18780		3197
490		2604		18783		3197
491		2605		18784		3197
492		2604		18787		3197
493		2605		18790		3197
494		2604		18793		3197
495		2604		18795		3197
496		2604		18796		3197
497		2604		18796		3197
498		2604		18798		3197
499		2604		18799		3197
500		2604		18801		3197
501		2604		18803		3197
502		2604		18804		3197
503		2604		18806		3197
504		2604		18807		3197
505		2604		18808		3197
506		2604		18808		3197
507		2604		18808		3197
508		2604		18808		3197
509		2604		18808		3197
510		2604		18808		3197
511		2604		18808		3197
512		2604		18808		3197
513		2604		18808		3197
514		2604		18808		3197
515		2604		18808		3197
516		2604		18808		3197
517		2604		18808		3197
518		2604		18808		3197
519		2604		18808		3197
520		2604		18808		3197
521		2604		18808		3197
522		2604		18808		3197
523		2604		18808		3197
524		2604		18808		3197
525		2604		18808		3197
526		2604		18808		3197
527		2604		18808		3197
528		2604		18808		3197
529		2604		18808		3197
530		2604		18808		3197
531		2604		18808		3197
532		2604		18808		3197
533		2604		18808		3197
534		2604		18808		3197
535		2604		18808		3197
536		2604		18808		3197
537		2604		18808		3197
538		2604		18808		3197
539		2604		18808		3197
540		2604		18808		3197
541		2604		18808		3197
542		2604		18808		3197
543		2604		18808		3197
544		2604		18808		3197
545		2604		18808		3197
546		2604		18808		3197
547		2604		18808		3197
548		2604		18808		3197
549		2604		18808		3197
550		2604		18808		3197
551		2604		18808		3197
552		2604		18808		3197
553		2604		18808		3197
554		2604		18808		3197
555		2604		18808		3197
556		2604		18808		3197
557		2604		18808		3197
558		2604		18808		3197
559		2604		18808		3197
560		2604		18808		3197
561		2604		18808		3197
562		2604		18808		3197
563		2604		18808		3197
564		2604		18808		3197
565		2604		18808		3197
566		2604		18808		3197
567		2604		18808		3197
568		2604		18808		3197
569		2604		18808		3197
570		2604		18808		3197
571		2604		18808		3197
572		2604		18808		3197
573		2604		18808		3197
574		2604		18808		3197
575		2604		18808		3197
576		2604		18808		3197
577		2604		18808		3197
578		2604		18808		3197
579		2604		18808		3197
580		2604		18808		3197
581		2604		18808		3197
582		2604		18808		3197
583		2604		18808		3197
584		2604		18808		3197
585		2604		18808		3197
586		2604		18808		3197
587		2604		18808		3197
588		2604		18808		3197
589		2604		18808		3197
590		2604		18808		3197
591		2604		18808		3197
592		2604		18808		3197
593		2604		18808		3197
594		2604		18808		3197
595		2604		18808		3197
596		2604		18808		3197
597		2604		18808		3197
598		2604		18808		3197
599		2604		18808		3197
600		2604		18808		3197
601		2604		18808		3197
602		2604		18808		3197
603		2604		18808		3197
604		2604		18808		3197
605		2604		18808		3197
606		2604		18808		3197
607		2604		18808		3197
608		2604		18808		3197
609		2604		18808		3197
610		2604		18808		3197
611		2604		18808		3197
612		2604		18808		3197
613		2604		18808		3197
614		2604		18808		3197
615		2604		18808		3197
616		2604		18808		3197
617		2604		18808		3197
618		2604		18808		3197
619		2604		18808		3197
620		2604		18808		3197
621		2604		18808		3197
622		2604		18808		3197
623		2604		18808		3197
624		2604		18808		3197
625		2604		18808		3197
626		2604		18808		3197
627		2604		18808		3197
628		2604		18808		3197
629		2604		18808		3197
630		2604		18808		3197
631		2604		18808		3197
632		2604		18808		3197
633		2604		18808		3197
634		2604		18808		3197
635		2604		18808		3197
636		2604		18808		3197
637		2604		18808		3197
638		2604		18808		3197
639		2604		18808		3197
640		2604		18808		3197
641		2604		18808		3197
642		2604		18808		3197
643		2604		18808		3197
644		2604		18808		3197
645		2604		18808		3197
646		2604		18808		3197
647		2604		18808		3197
648		2604		18808		3197
649		2604		18808		3197
650		2604		18808		3197
651		2604		18808		3197
652		2604		18808		3197
653		2604		18808		3197
654		2604		18808		3197
655		2604		18808		3197
656		2604		18808		3197
657		2604		18808		3197
658		2604		18808		3197
659		2604		18808		3197
660		2604		18808		3197
661		2604		18808		3197
662		2604		18808		3197
663		2604		18808		3197
664		2604		18808		3197
665		2604		18808		3197
666		2604		18808		3197
667		2604		18808		3197
668		2604		18808		3197
669		2604		18808		3197
670		2604		18808		3197
671		2604		18808		3197
672		2604		18808		3197
673		2604		18808		3197
674		2604		18808		3197
675		2604		18808		3197
676		2604		18808		3197
677		2604		18808		3197
678		2604		18808		3197
679		2604		18808		3197
680		2604		18808		3197
681		2604		18808		3197
682		2604		18808		3197
683		2604		18808		3197
684		2604		18808		3197
685		2604		18808		3197
686		2604		18808		3197
687		2604		18808		3197
688		2604		18808		3197
689		2604		18808		3197
690		2604		18808		3197
691		2604		18808		3197
692		2604		18808		3197
693		2604		18808		3197
694		2604		18808		3197
695		2604		18808		3197
696		2604		18808		3197
697		2604		18808		3197
698		2604		18808		3197
699		2604		18808		3197
700		2604		18808		3197
701		2604		18808		3197
702		2604		18808		3197
703		2604		18808		3197
704		2604		18808		3197
705		2604		18808		3197
706		2604		18808		3197
707		2604		18808		3197
708		2604		18808		3197
709		2604		18808		3197
710		2604		18808		3197
711		2604		18808		3197
712		2604		18808		3197
713		2604		18808		3197
714		2604		18808		3197
715		2604		18808		3197
716		2604		18808		3197
717		2604		18808		3197
718		2604		18808		3197
719		2604		18808		3197
720		2604		18808		3197
721		2604		18808		3197
722		2604		18808		3197
723		2604		18808		3197
724		2604		18808		3197
725		2604		18808		3197
726		2604		18808		3197
727		2604		18808		3197
728		2604		18808		3197
729		2604		18808		3197
730		2604		18808		3197
731		2604		18808		3197
732		2604		18808		3197
733		2604		18808		3197
734		2604		18808		3197
735		2604		18808		3197
736		2604		18808		3197
737		2604		18808		3197
738		2604		18808		3197
739		2604		18808		3197
740		2604		18808		3197
741		2604		18808		3197
742		2604		18808		3197
743		2604		18808		3197
744		2604		18808		3197
745		2604		18808		3197
746		2604		18808		3197
747		2604		18808		3197
748		2604		18808		3197
749		2604		18808		3197
750		2604		18808		3197
751		2604		18808		3197
752		2604		18808		3197
753		2604		18808		3197
754		2604		18808		3197
755		2604		18808		3197
756		2604		18808		3197
757		2604		18808		3197
758		2604		18808		3197
759		2604		18808		3197
760		2604		18808		3197
761		2604		18808		3197
762		2604		18808		3197
763		2604		18808		3197
764		2604		18808		3197
765		2604		18808		3197
766		2604		18808		3197
767		2604		18808		3197
768		2604		18808		3197
769		2604		18808		3197
770		2604		18808		3197
771		2604		18808		3197
772		2604		18808		3197
773		2604		18808		3197
774		2604		18808		3197
775		2604		18808		3197
776		2604		18808		3197
777		2604		18808		3197
778		2604		18808		3197
779		2604		18808		3197
780		2604		18808		3197
781		2604		18808		3197
782		2604		18808		3197
783		2604		18808		3197
784		2604		18808		3197
785		2604		18808		3197
786		2604		18808		3197
787		2604		18808		3197
788		2604		18808		3197
789		2604		18808		3197
790		2604		18808		3197
791		2604		18808		3197
792		2604		18808		3197
793		2604		18808		3197
794		2604		18808		3197
795		2604		18808		3197
796		2604		18808		3197
797		2604		18808		3197
798		2604		18808		3197
799		2604		18808		3197
800		2604		18808		3197
801		2604		18808		3197
802		2604		18808		3197
803		2604		18808		3197
804		2604		18808		3197
805		2604		18808		3197
806		2604		18808		3197
807		2604		18808		3197
808		2604		18808		3197
809		2604		18808		3197
810		2604		18808		3197
811		2604		18808		3197
812		2604		18808		3197
813		2604		18808		3197
814		2604		18808		3197
815		2604		18808		3197
816		2604		18808		3197
817		2604		18808		3197
818		2604		18808		3197
819		2604		18808		3197
820		2604		18808		3197
821		2604		18808		3197
822		2604		18808		3197
823		2604		18808		3197
824		2604		18808		3197
825		2604		18808		3197
826		2604		18808		3197
827		2604		18808		3197
828		2604		18808		3197
829		2604		18808		3197
830		2604		18808		3197
831		2604		18808		3197
832		2604		18808		3197
833		2604		18808		3197
834		2604		18808		3197
835		2604		18808		3197
836		2604		18808		3197
837		2604		18808		3197
838		2604		18808		3197
839		2604		18808		3197
840		2604		18808		3197
841		2604		18808		3197
842		2604		18808		3197
843		2604		18808		3197
844		2604		18808		3197
845		2604		18808		3197
846		2604		18808		3197
847		2604		18808		3197
848		2604		18808		3197
849		2604		18808		3197
850		2604		18808		3197
851		2604		18808		3197
852		2604		18808		3197
853		2604		18808		3197
854		2604		18808		3197
855		2604		18808		3197
856		2604		18808		3197
857		2604		18808		3197
858		2604		18808		3197
859		2604		18808		3197
860		2604		18808		3197
861		2604		18808		3197
862		2604		18808		3197
863		2604		18808		3197
864		2604		18808		3197
865		2604		18808		3197
866		2604		18808		3197
867		2604		18808		3197
868		2604		18808		3197
869		2604		18808		3197
870		2604		18808		3197
871		2604		18808		3197
872		2604		18808		3197
873		2604		18808		3197
874		2604		18808		3197
875		2604		18808		3197
876		2604		18808		3197
877		2604		18808		3197
878		2604		18808		3197
879		2604		18808		3197
880		2604		18808		3197
881		2604		18808		3197
882		2604		18808		3197
883		2604		18808		3197
884		2604		18808		3197
885		2604		18808		3197
886		2604		18808		3197
887		2604		18808		3197
888		2604		18808		3197
889		2604		18808		3197
890		2604		18808		3197
891		2604		18808		3197
892		2604		18808		3197
893		2604		18808		3197
894		2604		18808		3197
895		2604		18808		3197
896		2604		18808		3197
897		2604		18808		3197
898		2604		18808		3197
899		2604		18808		3197
900		2604		18808		3197
901		2604		18808		3197
902		2604		18808		3197
903		2604		18808		3197
904		2604		18808		3197
905		2604		18808		3197
906		2604		18808		3197
907		2604		18808		3197
908		2604		18808		3197
909		2604		18808		3197
910		2604		18808		3197
911		2604		18808		3197
912		2604		18808		3197
913		2604		18808		3197
914		2604		18808		3197
915		2604		18808		3197
916		2604		18808		3197
917		2604		18808		3197
918		2624		18849		3198
919		2625		18903		3197
920		2625		18944		3196
921		2608		18989		3200
922		2618		19030		3204
923		2608		19076		3203
924		2602		19113		3202
925		2599		19161		3209
926		2591		19199		3200
927		2585		19220		3201
928		2584		19240		3202
929		2572		19270		3208
930		2567		19282		3210
931		2554		19300		3211
932		2552		19308		3211
933		2548		19313		3210
934		2545		19318		3211
935		2544		19321		3213
936		2542		19325		3213
937		2542		19329		3213
938		2542		19333		3212
939		2542		19335		3212
940		2540		19337		3213
941		2540		19337		3213
942		2540		19337		3213
943		2538		19338		3213
944		2538		19338		3213
945		2538		19338		3213
946		2538		19338		3213
947		2538		19338		3213
948		2538		19338		3213
949		2538		19338		3213
950		2538		19338		3213
951		2538		19338		3213
952		2538		19338		3213
953		2538		19338		3213
954		2538		19338		3213
955		2538		19338		3213
956		2538		19338		3213
957		2538		19338		3213
958		2538		19338		3213
959		2538		19338		3213
960		2538		19338		3213
961		2538		19338		3213
962		2538		19338		3213
963		2538		19338		3213
964		2538		19338		3213
965		2538		19338		3213
966		2538		19338		3213
967		2538		19338		3213
968		2538		19338		3213
969		2538		19338		3213
970		2538		19338		3213
971		2538		19338		3213
972		2538		19338		3213
973		2538		19338		3213
974		2538		19338		3213
975		2538		19338		3213
976		2538		19338		3213
977		2538		19338		3213
978		2538		19338		3213
979		2538		19338		3213
980		2538		19338		3213
981		2538		19338		3213
982		2538		19338		3213
983		2538		19338		3213
984		2538		19338		3213
985		2538		19338		3213
986		2538		19338		3213
987		2538		19338		3213
988		2538		19338		3213
989		2538		19338		3213
990		2538		19338		3213
991		2538		19338		3213
992		2538		19338		3213
993		2538		19338		3213
994		2538		19338		3213
995		2538		19338		3213
996		2538		19338		3213
997		2538		19338		3213
998		2538		19338		3213
999		2538		19338		3213
