# Migration is number of nodes that have changed color.

Round		Edge-Cut		Swaps		Migrations		Skipped
0		5368		2395		2005
1		4655		3916		1846
2		4313		5043		1798
3		4069		5980		1829
4		3901		6760		1801
5		3811		7430		1794
6		3734		8057		1794
7		3662		8628		1793
8		3605		9156		1794
9		3565		9653		1787
10		3531		10114		1786
11		3507		10535		1776
12		3486		10949		1778
13		3465		11345		1785
14		3458		11716		1784
15		3447		12079		1783
16		3431		12438		1786
17		3427		12785		1787
18		3414		13123		1784
19		3412		13458		1783
20		3403		13784		1785
21		3397		14103		1790
22		3389		14423		1791
23		3381		14727		1793
24		3376		15022		1790
25		3373		15312		1788
26		3369		15597		1788
27		3367		15876		1789
28		3366		16151		1790
29		3364		16425		1789
30		3362		16697		1790
31		3358		16969		1789
32		3356		17229		1788
33		3352		17490		1789
34		3348		17741		1788
35		3347		17988		1788
36		3344		18232		1788
37		3342		18476		1789
38		3341		18720		1789
39		3338		18961		1789
40		3336		19197		1791
41		3335		19430		1790
42		3335		19664		1790
43		3333		19900		1790
44		3331		20132		1791
45		3329		20360		1793
46		3327		20592		1794
47		3327		20819		1795
48		3326		21044		1795
49		3325		21269		1795
50		3323		21495		1795
51		3322		21718		1797
52		3321		21939		1798
53		3321		22159		1798
54		3319		22378		1798
55		3319		22596		1798
56		3319		22814		1798
57		3319		23032		1798
58		3319		23250		1798
59		3319		23468		1798
60		3319		23686		1798
61		3319		23904		1798
62		3319		24122		1798
63		3319		24340		1798
64		3319		24558		1798
65		3319		24776		1798
66		3319		24994		1798
67		3318		25211		1797
68		3318		25427		1797
69		3316		25645		1796
70		3316		25857		1796
71		3315		26070		1797
72		3315		26280		1797
73		3315		26490		1797
74		3315		26700		1797
75		3315		26910		1797
76		3315		27120		1797
77		3314		27331		1795
78		3314		27541		1795
79		3314		27751		1795
80		3314		27961		1795
81		3314		28171		1795
82		3314		28381		1795
83		3314		28591		1795
84		3313		28802		1796
85		3313		29010		1796
86		3313		29218		1796
87		3313		29426		1796
88		3313		29634		1796
89		3313		29842		1796
90		3313		30050		1796
91		3312		30257		1797
92		3310		30463		1797
93		3310		30665		1797
94		3310		30867		1797
95		3310		31069		1797
96		3310		31271		1797
97		3310		31473		1797
98		3307		31674		1798
99		3307		31874		1798
100		3307		32074		1798
101		3307		32274		1798
102		3307		32474		1798
103		3307		32674		1798
104		3307		32874		1798
105		3307		33074		1798
106		3307		33274		1798
107		3307		33474		1798
108		3306		33673		1799
109		3307		33873		1799
110		3307		34074		1798
111		3307		34275		1798
112		3306		34474		1798
113		3306		34674		1798
114		3305		34875		1796
115		3305		35073		1796
116		3305		35271		1796
117		3305		35469		1796
118		3305		35667		1796
119		3305		35865		1796
120		3305		36063		1796
121		3305		36261		1796
122		3305		36459		1796
123		3305		36657		1796
124		3305		36855		1796
125		3305		37053		1796
126		3305		37251		1796
127		3305		37449		1796
128		3305		37647		1796
129		3305		37845		1796
130		3305		38043		1796
131		3305		38241		1796
132		3305		38439		1796
133		3305		38637		1796
134		3304		38834		1797
135		3304		39030		1797
136		3304		39226		1797
137		3304		39422		1797
138		3304		39618		1797
139		3304		39814		1797
140		3304		40010		1797
141		3303		40205		1796
142		3303		40399		1796
143		3303		40593		1796
144		3303		40787		1796
145		3303		40981		1796
146		3303		41175		1796
147		3302		41370		1797
148		3302		41562		1797
149		3302		41754		1797
150		3302		41946		1797
151		3301		42139		1797
152		3301		42329		1797
153		3301		42519		1797
154		3300		42710		1799
155		3300		42898		1799
156		3300		43086		1799
157		3300		43274		1799
158		3299		43461		1797
159		3299		43647		1797
160		3299		43833		1797
161		3299		44019		1797
162		3299		44205		1797
163		3299		44391		1797
164		3299		44577		1797
165		3299		44763		1797
166		3299		44949		1797
167		3299		45135		1797
168		3299		45321		1797
169		3299		45507		1797
170		3299		45693		1797
171		3299		45879		1797
172		3299		46065		1797
173		3299		46251		1797
174		3298		46438		1798
175		3298		46622		1798
176		3297		46807		1797
177		3297		46989		1797
178		3297		47171		1797
179		3297		47353		1797
180		3297		47535		1797
181		3297		47717		1797
182		3297		47899		1797
183		3296		48080		1799
184		3296		48260		1799
185		3296		48440		1799
186		3296		48620		1799
187		3296		48800		1799
188		3296		48980		1799
189		3296		49160		1799
190		3296		49340		1799
191		3296		49520		1799
192		3296		49700		1799
193		3295		49881		1799
194		3295		50059		1799
195		3295		50237		1799
196		3295		50415		1799
197		3295		50593		1799
198		3295		50771		1799
199		3295		50949		1799
200		3295		51127		1799
201		3295		51305		1799
202		3295		51483		1799
203		3295		51661		1799
204		3295		51839		1799
205		3295		52017		1799
206		3295		52195		1799
207		3294		52372		1798
208		3294		52548		1798
209		3294		52724		1798
210		3294		52900		1798
211		3294		53076		1798
212		3294		53252		1798
213		3294		53428		1798
214		3294		53604		1798
215		3294		53780		1798
216		3294		53956		1798
217		3294		54132		1798
218		3294		54308		1798
219		3294		54484		1798
220		3294		54660		1798
221		3294		54836		1798
222		3294		55012		1798
223		3294		55188		1798
224		3294		55364		1798
225		3294		55540		1798
226		3294		55716		1798
227		3294		55892		1798
228		3294		56068		1798
229		3294		56244		1798
230		3294		56420		1798
231		3294		56596		1798
232		3294		56772		1798
233		3294		56948		1798
234		3294		57124		1798
235		3293		57299		1797
236		3293		57473		1797
237		3293		57647		1797
238		3293		57821		1797
239		3293		57995		1797
240		3293		58169		1797
241		3293		58343		1797
242		3293		58517		1797
243		3293		58691		1797
244		3293		58865		1797
245		3293		59039		1797
246		3293		59213		1797
247		3293		59387		1797
248		3293		59561		1797
249		3292		59736		1798
250		3292		59908		1798
251		3292		60080		1798
252		3292		60252		1798
253		3292		60424		1798
254		3292		60596		1798
255		3292		60768		1798
256		3292		60940		1798
257		3292		61112		1798
258		3292		61284		1798
259		3292		61456		1798
260		3292		61628		1798
261		3292		61800		1798
262		3292		61972		1798
263		3292		62144		1798
264		3292		62316		1798
265		3292		62488		1798
266		3292		62660		1798
267		3292		62832		1798
268		3292		63004		1798
269		3292		63176		1798
270		3292		63348		1798
271		3292		63520		1798
272		3292		63692		1798
273		3292		63864		1798
274		3292		64036		1798
275		3292		64208		1798
276		3292		64380		1798
277		3292		64552		1798
278		3292		64724		1798
279		3292		64896		1798
280		3291		65067		1797
281		3291		65237		1797
282		3291		65407		1797
283		3291		65577		1797
284		3291		65747		1797
285		3291		65917		1797
286		3291		66087		1797
287		3291		66257		1797
288		3291		66427		1797
289		3291		66597		1797
290		3291		66767		1797
291		3291		66937		1797
292		3291		67107		1797
293		3291		67277		1797
294		3291		67447		1797
295		3291		67617		1797
296		3291		67787		1797
297		3291		67957		1797
298		3291		68127		1797
299		3291		68297		1797
300		3291		68467		1797
301		3291		68637		1797
302		3291		68807		1797
303		3291		68977		1797
304		3291		69147		1797
305		3291		69317		1797
306		3291		69487		1797
307		3291		69657		1797
308		3291		69827		1797
309		3291		69997		1797
310		3291		70167		1797
311		3291		70337		1797
312		3291		70507		1797
313		3290		70678		1798
314		3290		70846		1798
315		3290		71014		1798
316		3290		71182		1798
317		3290		71350		1798
318		3290		71518		1798
319		3290		71686		1798
320		3290		71854		1798
321		3290		72022		1798
322		3289		72191		1797
323		3289		72357		1797
324		3289		72523		1797
325		3288		72688		1798
326		3288		72852		1798
327		3288		73016		1798
328		3288		73180		1798
329		3288		73344		1798
330		3288		73508		1798
331		3288		73672		1798
332		3288		73836		1798
333		3288		74000		1798
334		3288		74164		1798
335		3288		74328		1798
336		3288		74492		1798
337		3288		74656		1798
338		3288		74820		1798
339		3288		74984		1798
340		3288		75148		1798
341		3288		75312		1798
342		3288		75476		1798
343		3288		75640		1798
344		3288		75804		1798
345		3288		75968		1798
346		3288		76132		1798
347		3288		76296		1798
348		3288		76460		1798
349		3288		76624		1798
350		3288		76788		1798
351		3288		76952		1798
352		3288		77116		1798
353		3288		77280		1798
354		3288		77444		1798
355		3288		77608		1798
356		3288		77772		1798
357		3288		77936		1798
358		3288		78100		1798
359		3288		78264		1798
360		3288		78428		1798
361		3288		78592		1798
362		3288		78756		1798
363		3288		78920		1798
364		3288		79084		1798
365		3288		79248		1798
366		3288		79412		1798
367		3288		79576		1798
368		3288		79740		1798
369		3288		79904		1798
370		3288		80068		1798
371		3288		80232		1798
372		3288		80396		1798
373		3288		80560		1798
374		3288		80724		1798
375		3288		80888		1798
376		3288		81052		1798
377		3288		81216		1798
378		3288		81380		1798
379		3288		81544		1798
380		3288		81708		1798
381		3288		81872		1798
382		3288		82036		1798
383		3288		82200		1798
384		3288		82364		1798
385		3288		82528		1798
386		3288		82692		1798
387		3288		82856		1798
388		3288		83020		1798
389		3288		83184		1798
390		3288		83348		1798
391		3288		83512		1798
392		3288		83676		1798
393		3288		83840		1798
394		3288		84004		1798
395		3288		84168		1798
396		3288		84332		1798
397		3288		84496		1798
398		3288		84660		1798
399		3288		84824		1798
400		3287		84987		1797
401		4618		87382		1765
402		4050		88152		1770
403		3850		88704		1775
404		3724		89202		1777
405		3632		89624		1780
406		3558		90015		1769
407		3499		90348		1772
408		3444		90678		1774
409		3401		90979		1764
410		3366		91246		1762
411		3346		91491		1772
412		3330		91721		1774
413		3314		91938		1777
414		3300		92142		1779
415		3285		92337		1781
416		3271		92522		1781
417		3262		92706		1783
418		3247		92885		1779
419		3239		93054		1780
420		3235		93219		1780
421		3232		93378		1779
422		3228		93538		1781
423		3224		93692		1780
424		3221		93841		1781
425		3214		93991		1783
426		3211		94135		1784
427		3201		94279		1784
428		3195		94419		1790
429		3188		94553		1788
430		3184		94677		1788
431		3180		94802		1790
432		3178		94920		1791
433		3177		95035		1792
434		3173		95151		1793
435		3169		95266		1791
436		3168		95373		1792
437		3167		95480		1791
438		3161		95583		1790
439		3158		95686		1789
440		3158		95784		1789
441		3158		95882		1789
442		3157		95981		1790
443		3156		96078		1790
444		3154		96177		1789
445		3151		96278		1788
446		3150		96376		1783
447		3149		96469		1783
448		3148		96562		1782
449		3143		96658		1782
450		3142		96749		1782
451		3142		96837		1782
452		3140		96929		1781
453		3137		97019		1784
454		3135		97105		1782
455		3134		97190		1781
456		3133		97271		1782
457		3132		97354		1783
458		3133		97436		1783
459		3132		97520		1783
460		3130		97603		1782
461		3127		97684		1782
462		3128		97764		1782
463		3125		97848		1781
464		3122		97927		1780
465		3121		98003		1779
466		3121		98077		1779
467		3120		98150		1779
468		3118		98224		1778
469		3117		98295		1778
470		3115		98361		1778
471		3114		98424		1780
472		3114		98486		1780
473		3114		98548		1780
474		3114		98610		1780
475		3114		98672		1780
476		3112		98732		1782
477		3110		98795		1784
478		3110		98855		1784
479		3110		98915		1784
480		3106		98975		1783
481		3106		99031		1783
482		3105		99088		1784
483		3103		99144		1782
484		3103		99198		1782
485		3103		99252		1782
486		3103		99306		1782
487		3103		99360		1782
488		3103		99414		1782
489		3103		99468		1782
490		3103		99522		1782
491		3103		99576		1782
492		3103		99630		1782
493		3103		99684		1782
494		3102		99737		1781
495		3102		99791		1781
496		3102		99845		1781
497		3102		99901		1782
498		3102		99955		1782
499		3102		100009		1782
500		3102		100063		1782
501		3102		100117		1782
502		3102		100171		1782
503		3100		100227		1782
504		3100		100281		1782
505		3100		100335		1782
506		3100		100389		1782
507		3100		100443		1782
508		3100		100497		1782
509		3100		100551		1782
510		3098		100605		1781
511		3098		100655		1781
512		3098		100705		1781
513		3097		100756		1782
514		3097		100804		1782
515		3096		100851		1782
516		3096		100899		1782
517		3096		100947		1782
518		3096		100995		1782
519		3095		101044		1784
520		3095		101090		1784
521		3095		101136		1784
522		3095		101182		1784
523		3095		101228		1784
524		3095		101274		1784
525		3095		101320		1784
526		3095		101366		1784
527		3094		101413		1784
528		3094		101459		1784
529		3094		101505		1784
530		3094		101551		1784
531		3094		101597		1784
532		3094		101643		1784
533		3094		101689		1784
534		3094		101735		1784
535		3094		101781		1784
536		3094		101827		1784
537		3094		101873		1784
538		3094		101919		1784
539		3094		101965		1784
540		3094		102011		1784
541		3094		102057		1784
542		3094		102103		1784
543		3094		102149		1784
544		3093		102196		1783
545		3093		102240		1783
546		3093		102284		1783
547		3093		102328		1783
548		3093		102372		1783
549		3093		102416		1783
550		3093		102460		1783
551		3093		102504		1783
552		3093		102548		1783
553		3093		102592		1783
554		3093		102636		1783
555		3093		102680		1783
556		3093		102724		1783
557		3093		102768		1783
558		3093		102812		1783
559		3093		102856		1783
560		3092		102899		1782
561		3092		102941		1782
562		3091		102984		1781
563		3091		103024		1781
564		3091		103064		1781
565		3091		103104		1781
566		3091		103144		1781
567		3091		103184		1781
568		3091		103224		1781
569		3091		103264		1781
570		3091		103304		1781
571		3091		103344		1781
572		3091		103384		1781
573		3091		103424		1781
574		3091		103464		1781
575		3091		103504		1781
576		3091		103544		1781
577		3091		103584		1781
578		3091		103624		1781
579		3090		103665		1781
580		3090		103703		1781
581		3090		103741		1781
582		3090		103779		1781
583		3089		103818		1780
584		3089		103854		1780
585		3089		103890		1780
586		3089		103926		1780
587		3089		103962		1780
588		3088		103997		1780
589		3088		104031		1780
590		3088		104065		1780
591		3088		104099		1780
592		3088		104133		1780
593		3088		104167		1780
594		3088		104201		1780
595		3088		104235		1780
596		3088		104269		1780
597		3088		104303		1780
598		3088		104337		1780
599		3088		104371		1780
600		3088		104405		1780
601		3088		104439		1780
602		3088		104473		1780
603		3088		104507		1780
604		3088		104541		1780
605		3088		104575		1780
606		3088		104609		1780
607		3088		104643		1780
608		3087		104676		1780
609		3087		104708		1780
610		3087		104740		1780
611		3087		104772		1780
612		3087		104804		1780
613		3087		104836		1780
614		3087		104868		1780
615		3087		104900		1780
616		3087		104932		1780
617		3087		104964		1780
618		3087		104996		1780
619		3087		105028		1780
620		3087		105060		1780
621		3087		105092		1780
622		3087		105124		1780
623		3087		105156		1780
624		3087		105188		1780
625		3087		105220		1780
626		3085		105253		1781
627		3085		105283		1781
628		3085		105313		1781
629		3085		105343		1781
630		3085		105373		1781
631		3085		105403		1781
632		3085		105433		1781
633		3085		105463		1781
634		3085		105493		1781
635		3085		105523		1781
636		3085		105553		1781
637		3085		105583		1781
638		3085		105613		1781
639		3085		105643		1781
640		3085		105673		1781
641		3085		105703		1781
642		3085		105733		1781
643		3085		105763		1781
644		3085		105793		1781
645		3085		105823		1781
646		3085		105853		1781
647		3085		105883		1781
648		3085		105913		1781
649		3085		105943		1781
650		3085		105973		1781
651		3085		106003		1781
652		3085		106033		1781
653		3085		106063		1781
654		3085		106093		1781
655		3085		106123		1781
656		3085		106153		1781
657		3085		106183		1781
658		3085		106213		1781
659		3085		106243		1781
660		3085		106273		1781
661		3085		106303		1781
662		3085		106333		1781
663		3085		106363		1781
664		3085		106393		1781
665		3085		106423		1781
666		3085		106453		1781
667		3085		106483		1781
668		3085		106513		1781
669		3085		106543		1781
670		3085		106573		1781
671		3085		106603		1781
672		3085		106633		1781
673		3085		106663		1781
674		3085		106693		1781
675		3085		106723		1781
676		3085		106753		1781
677		3085		106783		1781
678		3085		106813		1781
679		3085		106843		1781
680		3083		106872		1781
681		3083		106900		1781
682		3083		106928		1781
683		3083		106956		1781
684		3083		106984		1781
685		3083		107012		1781
686		3083		107040		1781
687		3083		107068		1781
688		3083		107096		1781
689		3083		107124		1781
690		3083		107152		1781
691		3083		107180		1781
692		3083		107208		1781
693		3083		107236		1781
694		3083		107264		1781
695		3083		107292		1781
696		3083		107320		1781
697		3083		107348		1781
698		3083		107376		1781
699		3083		107404		1781
700		3083		107432		1781
701		3083		107460		1781
702		3083		107488		1781
703		3083		107516		1781
704		3083		107544		1781
705		3083		107572		1781
706		3083		107600		1781
707		3083		107628		1781
708		3083		107656		1781
709		3083		107684		1781
710		3083		107712		1781
711		3083		107740		1781
712		3083		107768		1781
713		3083		107796		1781
714		3083		107824		1781
715		3083		107852		1781
716		3083		107880		1781
717		3083		107908		1781
718		3083		107936		1781
719		3083		107964		1781
720		3083		107992		1781
721		3083		108020		1781
722		3082		108049		1780
723		3082		108075		1780
724		3082		108101		1780
725		3082		108127		1780
726		3082		108153		1780
727		3082		108179		1780
728		3082		108205		1780
729		3082		108231		1780
730		3082		108257		1780
731		3082		108283		1780
732		3082		108309		1780
733		3082		108335		1780
734		3082		108361		1780
735		3082		108387		1780
736		3082		108413		1780
737		3082		108439		1780
738		3082		108465		1780
739		3082		108491		1780
740		3082		108517		1780
741		3082		108543		1780
742		3082		108569		1780
743		3082		108595		1780
744		3082		108621		1780
745		3082		108647		1780
746		3082		108673		1780
747		3082		108699		1780
748		3082		108725		1780
749		3082		108751		1780
750		3082		108777		1780
751		3082		108803		1780
752		3082		108829		1780
753		3082		108855		1780
754		3082		108881		1780
755		3082		108907		1780
756		3082		108933		1780
757		3082		108959		1780
758		3082		108985		1780
759		3082		109011		1780
760		3082		109037		1780
761		3082		109063		1780
762		3082		109089		1780
763		3082		109115		1780
764		3082		109141		1780
765		3082		109167		1780
766		3082		109193		1780
767		3082		109219		1780
768		3082		109245		1780
769		3082		109271		1780
770		3082		109297		1780
771		3082		109323		1780
772		3082		109349		1780
773		3082		109375		1780
774		3082		109401		1780
775		3082		109427		1780
776		3082		109453		1780
777		3082		109479		1780
778		3082		109505		1780
779		3082		109531		1780
780		3082		109557		1780
781		3082		109583		1780
782		3082		109609		1780
783		3082		109635		1780
784		3082		109661		1780
785		3082		109687		1780
786		3082		109713		1780
787		3082		109739		1780
788		3082		109765		1780
789		3082		109791		1780
790		3082		109817		1780
791		3082		109843		1780
792		3082		109869		1780
793		3082		109895		1780
794		3082		109921		1780
795		3082		109947		1780
796		3082		109973		1780
797		3082		109999		1780
798		3082		110025		1780
799		3082		110051		1780
800		3082		110077		1780
801		3815		112472		1749
802		3544		112844		1794
803		3418		113132		1786
804		3332		113366		1785
805		3268		113561		1788
806		3240		113746		1788
807		3212		113933		1779
808		3193		114101		1780
809		3170		114271		1779
810		3149		114434		1778
811		3135		114595		1777
812		3124		114741		1784
813		3117		114885		1776
814		3117		115025		1775
815		3109		115166		1773
816		3098		115298		1776
817		3098		115426		1773
818		3097		115552		1774
819		3093		115679		1773
820		3090		115798		1775
821		3089		115916		1772
822		3086		116036		1781
823		3086		116153		1777
824		3083		116272		1780
825		3082		116386		1779
826		3076		116499		1781
827		3076		116611		1779
828		3068		116724		1778
829		3063		116827		1777
830		3061		116924		1779
831		3057		117016		1778
832		3050		117104		1777
833		3047		117191		1774
834		3048		117279		1777
835		3047		117367		1774
836		3047		117458		1777
837		3046		117543		1776
838		3046		117629		1775
839		3045		117715		1776
840		3043		117798		1776
841		3036		117884		1779
842		3037		117962		1781
843		3037		118041		1780
844		3034		118123		1780
845		3035		118201		1780
846		3032		118279		1782
847		3032		118356		1781
848		3030		118431		1781
849		3029		118505		1785
850		3028		118577		1785
851		3029		118652		1785
852		3028		118725		1786
853		3027		118800		1786
854		3027		118877		1785
855		3024		118950		1784
856		3024		119022		1784
857		3023		119095		1784
858		3020		119170		1783
859		3020		119240		1783
860		3019		119309		1783
861		3019		119377		1783
862		3018		119444		1782
863		3015		119508		1782
864		3015		119570		1784
865		3015		119632		1784
866		3015		119694		1784
867		3012		119758		1783
868		3011		119817		1783
869		3010		119874		1784
870		3010		119930		1784
871		3008		119988		1784
872		3008		120044		1784
873		3004		120101		1785
874		3004		120150		1784
875		3003		120198		1785
876		3002		120247		1784
877		3001		120296		1784
878		3000		120345		1785
879		3000		120391		1785
880		3000		120437		1783
881		2999		120484		1783
882		2999		120530		1783
883		2999		120575		1783
884		2997		120621		1782
885		2999		120666		1783
886		2997		120713		1783
887		2998		120759		1784
888		2997		120805		1785
889		2997		120847		1785
890		2996		120888		1785
891		2995		120931		1785
892		2995		120973		1785
893		2993		121015		1785
894		2993		121055		1785
895		2993		121095		1785
896		2993		121135		1785
897		2993		121175		1785
898		2992		121214		1786
899		2992		121252		1786
900		2992		121290		1786
901		2992		121328		1786
902		2992		121366		1786
903		2991		121405		1786
904		2990		121442		1786
905		2988		121476		1786
906		2988		121508		1786
907		2988		121540		1786
908		2988		121572		1786
909		2988		121604		1786
910		2988		121636		1786
911		2988		121668		1786
912		2988		121700		1786
913		2988		121732		1786
914		2988		121764		1786
915		2987		121795		1785
916		2986		121824		1786
917		2986		121852		1786
918		2986		121880		1786
919		2986		121908		1786
920		2986		121936		1786
921		2986		121964		1786
922		2985		121993		1786
923		2985		122021		1786
924		2985		122049		1786
925		2985		122077		1786
926		2985		122105		1786
927		2985		122133		1786
928		2985		122161		1786
929		2985		122189		1786
930		2985		122217		1786
931		2985		122245		1786
932		2985		122273		1786
933		2985		122301		1786
934		2985		122329		1786
935		2985		122357		1786
936		2985		122385		1786
937		2985		122415		1786
938		2985		122443		1786
939		2985		122471		1786
940		2985		122499		1786
941		2985		122527		1786
942		2985		122555		1786
943		2984		122584		1785
944		2984		122612		1785
945		2984		122640		1785
946		2984		122669		1785
947		2984		122697		1785
948		2984		122725		1785
949		2984		122753		1785
950		2984		122781		1785
951		2984		122809		1785
952		2984		122837		1785
953		2983		122866		1783
954		2983		122892		1783
955		2983		122918		1783
956		2983		122944		1783
957		2983		122970		1783
958		2983		122996		1783
959		2983		123022		1783
960		2983		123048		1783
961		2983		123074		1783
962		2983		123100		1783
963		2983		123126		1783
964		2983		123152		1783
965		2982		123177		1783
966		2982		123201		1783
967		2982		123225		1783
968		2982		123249		1783
969		2982		123273		1783
970		2982		123297		1783
971		2982		123321		1783
972		2982		123345		1783
973		2982		123369		1783
974		2982		123393		1783
975		2981		123420		1784
976		2981		123442		1784
977		2981		123464		1784
978		2981		123486		1784
979		2981		123508		1784
980		2981		123530		1784
981		2981		123552		1784
982		2981		123574		1784
983		2981		123596		1784
984		2981		123618		1784
985		2981		123640		1784
986		2981		123662		1784
987		2981		123684		1784
988		2981		123706		1784
989		2981		123728		1784
990		2981		123750		1784
991		2981		123772		1784
992		2981		123794		1784
993		2981		123816		1784
994		2981		123838		1784
995		2981		123860		1784
996		2981		123882		1784
997		2981		123904		1784
998		2981		123926		1784
999		2980		123947		1784
