# Migration is number of nodes that have changed color.

Round		Edge-Cut		Swaps		Migrations		Skipped
0		4490		0		1062
1		4197		0		1181
2		3865		0		1246
3		3765		0		1285
4		3753		0		1311
5		3759		0		1321
6		3727		0		1341
7		3710		0		1324
8		3717		0		1348
9		3709		0		1344
10		3697		0		1329
11		3704		0		1346
12		3695		0		1353
13		3693		0		1327
14		3711		0		1342
15		3700		0		1331
16		3699		0		1334
17		3706		0		1338
18		3715		0		1341
19		3687		0		1339
20		3705		0		1339
21		3685		0		1327
22		3692		0		1307
23		3688		0		1330
24		3702		0		1327
25		3700		0		1320
26		3687		0		1326
27		3685		0		1329
28		3710		0		1330
29		3700		0		1330
30		3686		0		1327
31		3695		0		1303
32		3695		0		1320
33		3710		0		1310
34		3693		0		1320
35		3698		0		1332
36		3675		0		1340
37		3677		0		1354
38		3689		0		1331
39		3678		0		1321
40		3692		0		1327
41		3692		0		1344
42		3685		0		1359
43		3674		0		1336
44		3682		0		1353
45		3687		0		1367
46		3693		0		1330
47		3672		0		1342
48		3681		0		1357
49		3685		0		1344
50		3678		0		1343
51		3680		0		1326
52		3675		0		1321
53		3685		0		1320
54		3685		0		1338
55		3676		0		1338
56		3682		0		1336
57		3664		0		1332
58		3673		0		1311
59		3657		0		1354
60		3672		0		1331
61		3665		0		1337
62		3671		0		1336
63		3643		0		1338
64		3668		0		1343
65		3637		0		1338
66		3667		0		1326
67		3674		0		1305
68		3671		0		1330
69		3665		0		1339
70		3668		0		1345
71		3660		0		1366
72		3655		0		1354
73		3656		0		1354
74		3654		0		1345
75		3664		0		1353
76		3665		0		1329
77		3668		0		1345
78		3669		0		1350
79		3672		0		1340
80		3647		0		1353
81		3675		0		1368
82		3661		0		1349
83		3657		0		1335
84		3658		0		1357
85		3662		0		1357
86		3656		0		1362
87		3672		0		1348
88		3667		0		1321
89		3678		0		1356
90		3681		0		1374
91		3669		0		1345
92		3666		0		1363
93		3672		0		1363
94		3664		0		1342
95		3676		0		1367
96		3670		0		1336
97		3678		0		1342
98		3673		0		1331
99		3680		0		1348
100		3675		0		1340
101		3669		0		1348
102		3665		0		1356
103		3675		0		1319
104		3669		0		1347
105		3649		0		1346
106		3663		0		1341
107		3676		0		1367
108		3646		0		1366
109		3658		0		1335
110		3669		0		1344
111		3644		0		1354
112		3669		0		1344
113		3669		0		1376
114		3663		0		1343
115		3663		0		1349
116		3662		0		1354
117		3662		0		1354
118		3662		0		1354
119		3668		0		1360
120		3668		0		1365
121		3648		0		1341
122		3640		0		1364
123		3649		0		1379
124		3654		0		1353
125		3652		0		1344
126		3659		0		1352
127		3664		0		1327
128		3674		0		1357
129		3654		0		1354
130		3657		0		1351
131		3664		0		1349
132		3651		0		1346
133		3650		0		1347
134		3673		0		1368
135		3658		0		1355
136		3660		0		1358
137		3667		0		1369
138		3682		0		1367
139		3657		0		1353
140		3672		0		1367
141		3649		0		1362
142		3664		0		1368
143		3655		0		1375
144		3659		0		1364
145		3658		0		1354
146		3648		0		1374
147		3649		0		1375
148		3651		0		1364
149		3655		0		1379
150		3636		0		1364
151		3641		0		1352
152		3649		0		1355
153		3661		0		1346
154		3640		0		1342
155		3660		0		1359
156		3651		0		1335
157		3644		0		1331
158		3655		0		1366
159		3670		0		1352
160		3661		0		1351
161		3644		0		1361
162		3651		0		1384
163		3647		0		1340
164		3653		0		1365
165		3647		0		1365
166		3647		0		1358
167		3652		0		1347
168		3658		0		1379
169		3657		0		1374
170		3644		0		1380
171		3669		0		1386
172		3654		0		1345
173		3662		0		1364
174		3661		0		1364
175		3665		0		1357
176		3658		0		1346
177		3642		0		1358
178		3645		0		1359
179		3662		0		1345
180		3661		0		1334
181		3658		0		1346
182		3650		0		1339
183		3650		0		1334
184		3652		0		1333
185		3660		0		1367
186		3653		0		1347
187		3633		0		1351
188		3649		0		1373
189		3643		0		1357
190		3656		0		1349
191		3649		0		1382
192		3637		0		1365
193		3652		0		1383
194		3640		0		1373
195		3643		0		1363
196		3650		0		1341
197		3647		0		1374
198		3660		0		1362
199		3673		0		1346
200		3655		0		1368
201		3663		0		1367
202		3668		0		1346
203		3658		0		1358
204		3656		0		1378
205		3655		0		1355
206		3656		0		1374
207		3649		0		1364
208		3665		0		1343
209		3657		0		1346
210		3662		0		1344
211		3648		0		1345
212		3659		0		1346
213		3640		0		1357
214		3641		0		1355
215		3629		0		1341
216		3653		0		1368
217		3631		0		1347
218		3638		0		1376
219		3657		0		1373
220		3646		0		1354
221		3643		0		1361
222		3640		0		1373
223		3635		0		1360
224		3631		0		1360
225		3638		0		1352
226		3642		0		1363
227		3642		0		1359
228		3646		0		1367
229		3648		0		1359
230		3647		0		1378
231		3642		0		1342
232		3653		0		1344
233		3652		0		1358
234		3647		0		1343
235		3659		0		1343
236		3642		0		1348
237		3651		0		1351
238		3656		0		1347
239		3663		0		1361
240		3661		0		1358
241		3656		0		1352
242		3662		0		1363
243		3638		0		1344
244		3642		0		1358
245		3649		0		1347
246		3645		0		1364
247		3639		0		1348
248		3660		0		1348
249		3652		0		1348
250		3653		0		1364
251		3667		0		1364
252		3648		0		1359
253		3646		0		1355
254		3656		0		1356
255		3658		0		1355
256		3651		0		1353
257		3630		0		1342
258		3644		0		1356
259		3639		0		1342
260		3646		0		1345
261		3648		0		1373
262		3637		0		1358
263		3631		0		1378
264		3644		0		1368
265		3635		0		1371
266		3638		0		1339
267		3636		0		1364
268		3635		0		1380
269		3630		0		1365
270		3631		0		1370
271		3634		0		1382
272		3639		0		1389
273		3645		0		1393
274		3630		0		1358
275		3646		0		1370
276		3647		0		1365
277		3644		0		1350
278		3648		0		1359
279		3645		0		1365
280		3655		0		1361
281		3645		0		1358
282		3628		0		1372
283		3633		0		1361
284		3625		0		1351
285		3617		0		1357
286		3651		0		1346
287		3660		0		1344
288		3643		0		1361
289		3647		0		1352
290		3653		0		1378
291		3660		0		1366
292		3637		0		1362
293		3641		0		1364
294		3655		0		1366
295		3642		0		1347
296		3645		0		1377
297		3641		0		1356
298		3634		0		1369
299		3611		0		1371
300		3643		0		1372
301		3653		0		1352
302		3655		0		1360
303		3652		0		1367
304		3646		0		1369
305		3638		0		1357
306		3646		0		1358
307		3659		0		1364
308		3638		0		1384
309		3640		0		1342
310		3647		0		1359
311		3633		0		1370
312		3630		0		1363
313		3631		0		1372
314		3645		0		1362
315		3642		0		1356
316		3654		0		1352
317		3624		0		1356
318		3644		0		1359
319		3628		0		1353
320		3635		0		1331
321		3632		0		1370
322		3641		0		1356
323		3642		0		1375
324		3641		0		1358
325		3631		0		1340
326		3623		0		1356
327		3635		0		1379
328		3631		0		1366
329		3632		0		1375
330		3630		0		1361
331		3658		0		1362
332		3644		0		1368
333		3630		0		1377
334		3645		0		1353
335		3633		0		1356
336		3644		0		1376
337		3647		0		1347
338		3639		0		1352
339		3647		0		1365
340		3652		0		1342
341		3647		0		1364
342		3632		0		1372
343		3645		0		1350
344		3645		0		1373
345		3638		0		1382
346		3639		0		1374
347		3643		0		1375
348		3640		0		1345
349		3633		0		1346
350		3623		0		1338
351		3628		0		1345
352		3629		0		1344
353		3622		0		1349
354		3633		0		1357
355		3641		0		1356
356		3644		0		1367
357		3634		0		1360
358		3644		0		1341
359		3633		0		1364
360		3654		0		1355
361		3643		0		1358
362		3652		0		1366
363		3642		0		1369
364		3643		0		1359
365		3630		0		1365
366		3633		0		1371
367		3645		0		1346
368		3634		0		1367
369		3641		0		1362
370		3625		0		1355
371		3630		0		1371
372		3636		0		1369
373		3633		0		1360
374		3642		0		1374
375		3631		0		1356
376		3621		0		1376
377		3636		0		1380
378		3616		0		1383
379		3613		0		1358
380		3630		0		1389
381		3627		0		1377
382		3627		0		1405
383		3622		0		1381
384		3640		0		1374
385		3643		0		1367
386		3644		0		1380
387		3636		0		1390
388		3641		0		1384
389		3637		0		1390
390		3649		0		1369
391		3632		0		1371
392		3633		0		1372
393		3637		0		1365
394		3637		0		1370
395		3636		0		1396
396		3622		0		1373
397		3644		0		1375
398		3631		0		1376
399		3633		0		1387
400		3639		0		1360
401		3632		0		1369
402		3653		0		1379
403		3633		0		1380
404		3637		0		1373
405		3629		0		1360
406		3637		0		1365
407		3630		0		1385
408		3632		0		1364
409		3625		0		1372
410		3627		0		1397
411		3626		0		1392
412		3637		0		1368
413		3651		0		1368
414		3639		0		1366
415		3644		0		1368
416		3634		0		1359
417		3625		0		1372
418		3642		0		1350
419		3629		0		1375
420		3635		0		1363
421		3652		0		1364
422		3642		0		1372
423		3625		0		1364
424		3632		0		1378
425		3628		0		1395
426		3633		0		1379
427		3647		0		1368
428		3624		0		1374
429		3644		0		1359
430		3638		0		1354
431		3635		0		1382
432		3641		0		1393
433		3633		0		1370
434		3634		0		1379
435		3643		0		1369
436		3638		0		1368
437		3624		0		1395
438		3629		0		1382
439		3627		0		1375
440		3641		0		1384
441		3630		0		1376
442		3635		0		1356
443		3653		0		1373
444		3632		0		1387
445		3626		0		1369
446		3635		0		1369
447		3644		0		1381
448		3650		0		1370
449		3629		0		1373
450		3625		0		1367
451		3623		0		1355
452		3633		0		1364
453		3634		0		1368
454		3638		0		1373
455		3633		0		1372
456		3646		0		1354
457		3646		0		1358
458		3636		0		1394
459		3624		0		1370
460		3630		0		1341
461		3641		0		1357
462		3648		0		1353
463		3637		0		1354
464		3632		0		1383
465		3631		0		1370
466		3638		0		1376
467		3649		0		1362
468		3646		0		1383
469		3635		0		1390
470		3635		0		1384
471		3633		0		1368
472		3641		0		1374
473		3627		0		1364
474		3642		0		1365
475		3641		0		1365
476		3649		0		1379
477		3636		0		1370
478		3625		0		1366
479		3631		0		1373
480		3642		0		1386
481		3633		0		1357
482		3615		0		1377
483		3625		0		1352
484		3623		0		1341
485		3634		0		1367
486		3637		0		1372
487		3632		0		1364
488		3646		0		1369
489		3640		0		1379
490		3641		0		1369
491		3622		0		1355
492		3634		0		1372
493		3643		0		1362
494		3622		0		1356
495		3626		0		1388
496		3637		0		1365
497		3641		0		1382
498		3627		0		1366
499		3640		0		1355
500		3647		0		1358
501		3643		0		1351
502		3631		0		1361
503		3636		0		1374
504		3634		0		1369
505		3626		0		1340
506		3639		0		1368
507		3636		0		1363
508		3626		0		1383
509		3623		0		1384
510		3630		0		1363
511		3626		0		1353
512		3642		0		1364
513		3634		0		1350
514		3627		0		1347
515		3620		0		1362
516		3632		0		1379
517		3641		0		1358
518		3628		0		1386
519		3638		0		1385
520		3621		0		1370
521		3616		0		1400
522		3618		0		1378
523		3634		0		1378
524		3636		0		1374
525		3643		0		1364
526		3630		0		1369
527		3623		0		1375
528		3647		0		1381
529		3647		0		1371
530		3638		0		1372
531		3641		0		1384
532		3637		0		1379
533		3638		0		1367
534		3642		0		1389
535		3634		0		1360
536		3634		0		1365
537		3622		0		1386
538		3630		0		1362
539		3632		0		1370
540		3630		0		1376
541		3644		0		1378
542		3636		0		1376
543		3656		0		1384
544		3636		0		1390
545		3630		0		1378
546		3631		0		1399
547		3639		0		1379
548		3649		0		1389
549		3630		0		1365
550		3641		0		1357
551		3642		0		1376
552		3630		0		1371
553		3634		0		1366
554		3630		0		1380
555		3638		0		1385
556		3624		0		1371
557		3636		0		1377
558		3635		0		1364
559		3633		0		1367
560		3615		0		1365
561		3629		0		1367
562		3620		0		1364
563		3621		0		1379
564		3636		0		1370
565		3636		0		1363
566		3639		0		1390
567		3641		0		1392
568		3634		0		1386
569		3631		0		1383
570		3633		0		1382
571		3637		0		1370
572		3638		0		1364
573		3630		0		1375
574		3643		0		1357
575		3644		0		1379
576		3641		0		1363
577		3642		0		1388
578		3639		0		1376
579		3620		0		1382
580		3634		0		1377
581		3633		0		1376
582		3646		0		1388
583		3623		0		1376
584		3655		0		1391
585		3648		0		1385
586		3633		0		1365
587		3639		0		1361
588		3642		0		1372
589		3644		0		1366
590		3637		0		1390
591		3626		0		1368
592		3616		0		1352
593		3616		0		1363
594		3625		0		1369
595		3646		0		1362
596		3640		0		1369
597		3641		0		1365
598		3638		0		1382
599		3633		0		1386
600		3630		0		1399
601		3631		0		1361
602		3641		0		1381
603		3640		0		1368
604		3644		0		1340
605		3652		0		1364
606		3640		0		1368
607		3638		0		1375
608		3644		0		1362
609		3635		0		1353
610		3634		0		1360
611		3629		0		1376
612		3629		0		1400
613		3634		0		1381
614		3628		0		1397
615		3638		0		1376
616		3632		0		1363
617		3651		0		1375
618		3630		0		1383
619		3625		0		1366
620		3641		0		1368
621		3631		0		1371
622		3642		0		1373
623		3634		0		1355
624		3634		0		1365
625		3631		0		1345
626		3628		0		1377
627		3635		0		1359
628		3639		0		1350
629		3631		0		1366
630		3637		0		1361
631		3632		0		1361
632		3625		0		1378
633		3623		0		1378
634		3634		0		1351
635		3643		0		1372
636		3642		0		1350
637		3629		0		1359
638		3643		0		1361
639		3621		0		1371
640		3633		0		1353
641		3629		0		1378
642		3629		0		1362
643		3651		0		1348
644		3646		0		1364
645		3627		0		1368
646		3624		0		1361
647		3638		0		1369
648		3648		0		1358
649		3638		0		1350
650		3639		0		1371
651		3637		0		1370
652		3636		0		1362
653		3645		0		1345
654		3642		0		1348
655		3648		0		1353
656		3634		0		1352
657		3650		0		1367
658		3639		0		1362
659		3649		0		1368
660		3642		0		1365
661		3640		0		1350
662		3647		0		1388
663		3649		0		1365
664		3637		0		1345
665		3645		0		1368
666		3646		0		1385
667		3650		0		1364
668		3648		0		1362
669		3633		0		1375
670		3633		0		1372
671		3632		0		1373
672		3634		0		1373
673		3647		0		1364
674		3636		0		1373
675		3641		0		1370
676		3648		0		1370
677		3641		0		1385
678		3631		0		1385
679		3636		0		1370
680		3645		0		1367
681		3636		0		1369
682		3647		0		1353
683		3643		0		1345
684		3648		0		1361
685		3650		0		1372
686		3630		0		1354
687		3632		0		1359
688		3636		0		1394
689		3636		0		1372
690		3651		0		1373
691		3652		0		1363
692		3648		0		1388
693		3630		0		1370
694		3628		0		1365
695		3651		0		1370
696		3634		0		1364
697		3626		0		1359
698		3639		0		1381
699		3627		0		1374
700		3636		0		1361
701		3618		0		1348
702		3640		0		1368
703		3631		0		1385
704		3641		0		1378
705		3654		0		1366
706		3637		0		1356
707		3637		0		1374
708		3623		0		1371
709		3642		0		1371
710		3645		0		1380
711		3630		0		1360
712		3635		0		1367
713		3642		0		1372
714		3640		0		1366
715		3628		0		1363
716		3636		0		1369
717		3632		0		1381
718		3629		0		1363
719		3625		0		1374
720		3632		0		1366
721		3637		0		1351
722		3642		0		1350
723		3643		0		1379
724		3638		0		1366
725		3654		0		1364
726		3641		0		1375
727		3655		0		1368
728		3640		0		1391
729		3646		0		1376
730		3638		0		1368
731		3634		0		1376
732		3628		0		1365
733		3627		0		1379
734		3637		0		1374
735		3643		0		1382
736		3638		0		1367
737		3634		0		1388
738		3658		0		1394
739		3647		0		1380
740		3634		0		1359
741		3621		0		1373
742		3638		0		1373
743		3634		0		1383
744		3643		0		1376
745		3631		0		1368
746		3633		0		1383
747		3632		0		1385
748		3623		0		1368
749		3631		0		1369
750		3632		0		1391
751		3631		0		1365
752		3630		0		1379
753		3622		0		1392
754		3637		0		1376
755		3626		0		1375
756		3641		0		1385
757		3641		0		1364
758		3635		0		1377
759		3633		0		1387
760		3632		0		1361
761		3647		0		1366
762		3651		0		1386
763		3648		0		1364
764		3645		0		1360
765		3632		0		1359
766		3638		0		1355
767		3642		0		1376
768		3636		0		1366
769		3645		0		1373
770		3640		0		1362
771		3633		0		1377
772		3637		0		1364
773		3639		0		1384
774		3635		0		1390
775		3637		0		1387
776		3627		0		1382
777		3637		0		1363
778		3626		0		1351
779		3637		0		1356
780		3649		0		1354
781		3631		0		1359
782		3632		0		1371
783		3634		0		1357
784		3623		0		1369
785		3617		0		1378
786		3621		0		1390
787		3631		0		1360
788		3630		0		1377
789		3645		0		1386
790		3627		0		1377
791		3626		0		1367
792		3636		0		1377
793		3642		0		1346
794		3625		0		1379
795		3645		0		1369
796		3639		0		1385
797		3633		0		1392
798		3625		0		1394
799		3612		0		1387
800		3620		0		1385
801		3638		0		1371
802		3627		0		1361
803		3638		0		1379
804		3625		0		1373
805		3639		0		1352
806		3625		0		1372
807		3632		0		1374
808		3640		0		1370
809		3623		0		1398
810		3635		0		1397
811		3626		0		1367
812		3640		0		1385
813		3611		0		1371
814		3642		0		1358
815		3623		0		1370
816		3642		0		1372
817		3627		0		1350
818		3644		0		1356
819		3649		0		1370
820		3634		0		1367
821		3639		0		1374
822		3649		0		1362
823		3632		0		1352
824		3628		0		1362
825		3642		0		1350
826		3653		0		1362
827		3635		0		1372
828		3637		0		1380
829		3629		0		1353
830		3625		0		1381
831		3625		0		1375
832		3640		0		1379
833		3620		0		1369
834		3639		0		1357
835		3616		0		1368
836		3636		0		1367
837		3626		0		1381
838		3633		0		1358
839		3629		0		1361
840		3637		0		1364
841		3648		0		1371
842		3635		0		1380
843		3627		0		1368
844		3626		0		1369
845		3612		0		1379
846		3626		0		1392
847		3649		0		1350
848		3629		0		1380
849		3646		0		1380
850		3648		0		1376
851		3644		0		1365
852		3646		0		1361
853		3631		0		1371
854		3639		0		1389
855		3650		0		1382
856		3643		0		1363
857		3633		0		1371
858		3619		0		1382
859		3621		0		1380
860		3626		0		1377
861		3637		0		1378
862		3634		0		1371
863		3629		0		1383
864		3634		0		1386
865		3635		0		1368
866		3627		0		1363
867		3645		0		1354
868		3638		0		1359
869		3632		0		1364
870		3634		0		1381
871		3627		0		1370
872		3637		0		1379
873		3642		0		1374
874		3635		0		1347
875		3635		0		1360
876		3624		0		1375
877		3626		0		1345
878		3630		0		1357
879		3626		0		1370
880		3641		0		1362
881		3630		0		1384
882		3631		0		1381
883		3628		0		1374
884		3626		0		1390
885		3623		0		1376
886		3619		0		1351
887		3634		0		1382
888		3646		0		1381
889		3628		0		1376
890		3632		0		1375
891		3631		0		1382
892		3638		0		1377
893		3640		0		1369
894		3656		0		1373
895		3627		0		1373
896		3622		0		1395
897		3637		0		1385
898		3642		0		1359
899		3625		0		1390
900		3637		0		1374
901		3638		0		1356
902		3624		0		1368
903		3636		0		1353
904		3629		0		1367
905		3628		0		1383
906		3636		0		1370
907		3646		0		1368
908		3632		0		1362
909		3628		0		1376
910		3637		0		1367
911		3630		0		1372
912		3624		0		1380
913		3624		0		1353
914		3625		0		1364
915		3633		0		1382
916		3654		0		1376
917		3626		0		1373
918		3651		0		1373
919		3625		0		1368
920		3635		0		1380
921		3632		0		1357
922		3633		0		1370
923		3634		0		1361
924		3624		0		1368
925		3650		0		1363
926		3639		0		1370
927		3628		0		1368
928		3634		0		1381
929		3634		0		1386
930		3646		0		1388
931		3624		0		1365
932		3630		0		1393
933		3653		0		1376
934		3633		0		1348
935		3630		0		1361
936		3640		0		1374
937		3635		0		1358
938		3627		0		1369
939		3626		0		1369
940		3621		0		1355
941		3623		0		1350
942		3652		0		1358
943		3630		0		1364
944		3634		0		1385
945		3612		0		1374
946		3631		0		1363
947		3625		0		1391
948		3645		0		1363
949		3629		0		1368
950		3631		0		1382
951		3612		0		1369
952		3628		0		1365
953		3630		0		1363
954		3620		0		1362
955		3622		0		1361
956		3632		0		1368
957		3616		0		1364
958		3626		0		1355
959		3641		0		1355
960		3641		0		1372
961		3626		0		1368
962		3621		0		1382
963		3626		0		1365
964		3639		0		1354
965		3632		0		1380
966		3647		0		1371
967		3617		0		1360
968		3619		0		1357
969		3632		0		1380
970		3638		0		1372
971		3636		0		1375
972		3632		0		1371
973		3628		0		1362
974		3605		0		1391
975		3636		0		1379
976		3634		0		1375
977		3638		0		1383
978		3648		0		1389
979		3634		0		1381
980		3627		0		1377
981		3650		0		1366
982		3624		0		1356
983		3634		0		1362
984		3642		0		1356
985		3637		0		1366
986		3641		0		1367
987		3629		0		1370
988		3628		0		1360
989		3636		0		1364
990		3625		0		1377
991		3639		0		1383
992		3621		0		1377
993		3620		0		1365
994		3638		0		1376
995		3630		0		1363
996		3626		0		1378
997		3637		0		1371
998		3623		0		1380
999		3619		0		1369
